view1 body score:
-20 1
-14 1
-10 1
-9 4
-8 5
-7 6
-6 9
-5 31
-4 57
-3 171
-2 568
-1 2450
0 58490
1 35442
2 18128
3 9817
4 5676
5 3530
6 2241
7 1528
8 1011
9 778
10 590
11 479
12 397
13 308
14 236
15 242
16 169
17 137
18 134
19 132
20 100
21 100
22 88
23 64
24 73
25 53
26 53
27 50
28 47
29 43
30 31
31 39
32 37
33 24
34 42
35 31
36 37
37 31
38 16
39 18
40 26
41 25
42 24
43 26
44 20
45 21
46 15
47 21
48 22
49 9
50 11
51 13
52 8
53 12
54 15
55 7
56 15
57 14
58 14
59 9
60 13
61 4
62 8
63 6
64 7
65 10
66 9
67 5
68 5
69 4
70 11
71 5
72 6
73 8
74 4
75 5
76 5
77 1
78 4
79 7
80 3
81 10
82 1
83 6
84 7
85 2
86 4
87 3
88 8
89 5
90 5
91 3
92 5
93 2
96 4
97 5
98 2
99 1
100 2
101 4
102 2
103 2
104 2
105 2
106 3
107 2
108 2
109 6
110 2
111 1
112 1
114 2
115 2
116 2
117 1
120 3
121 1
122 2
123 1
124 1
125 2
126 1
127 5
128 1
129 1
130 2
131 3
132 2
133 1
134 1
135 1
136 2
138 1
139 2
140 2
141 1
142 1
143 2
144 1
147 1
148 1
152 1
154 2
155 1
156 1
157 3
158 1
159 1
161 1
163 1
165 1
169 1
172 1
177 1
179 2
181 1
182 1
189 1
199 1
201 2
202 1
207 1
210 2
215 1
218 1
220 2
227 1
228 1
232 1
235 2
239 2
244 1
246 1
247 1
248 1
252 1
254 1
255 2
258 1
260 1
264 1
278 1
279 2
280 1
284 2
298 1
308 1
325 1
330 1
355 2
362 1
378 1
387 1
397 1
404 1
408 1
433 1
444 1
485 1
498 2
515 1
537 1
545 1
667 1
680 1
726 1
view2 body score:
-20 1
-14 1
-10 1
-9 3
-8 3
-7 3
-6 5
-5 15
-4 28
-3 64
-2 189
-1 764
0 11758
1 5293
2 2247
3 1119
4 613
5 385
6 257
7 156
8 112
9 101
10 81
11 61
12 52
13 38
14 33
15 30
16 22
17 16
18 28
19 20
20 11
21 15
22 12
23 6
24 8
25 9
26 11
27 5
28 9
29 9
30 4
31 6
32 5
33 5
34 4
35 1
36 3
37 4
38 1
40 5
41 2
42 2
43 6
44 4
45 1
46 6
47 3
48 2
49 2
51 2
52 3
53 3
54 3
55 1
56 4
57 2
58 2
59 1
60 2
62 1
63 2
65 1
67 1
68 1
70 2
75 1
77 1
81 1
83 2
84 1
85 1
87 1
88 3
89 1
90 3
96 1
97 2
103 1
105 1
109 1
110 2
127 1
131 2
147 1
152 1
154 1
156 1
157 2
158 1
161 1
177 1
201 1
210 1
220 1
228 1
239 1
433 1
444 1
485 1
view1 title score:
-21 1
-14 2
-10 1
-9 6
-8 10
-7 9
-6 21
-5 53
-4 102
-3 287
-2 1037
-1 4747
0 130247
1 81290
2 40584
3 21513
4 11985
5 7150
6 4529
7 3014
8 2045
9 1532
10 1091
11 912
12 756
13 572
14 464
15 389
16 304
17 281
18 250
19 197
20 194
21 146
22 152
23 117
24 121
25 93
26 78
27 90
28 82
29 78
30 57
31 71
32 59
33 43
34 64
35 43
36 53
37 47
38 37
39 31
40 42
41 37
42 38
43 32
44 30
45 33
46 29
47 25
48 33
49 14
50 20
51 18
52 18
53 19
54 19
55 11
56 19
57 20
58 14
59 16
60 14
61 6
62 13
63 11
64 11
65 16
66 10
67 8
68 8
69 7
70 14
71 11
72 10
73 11
74 7
75 6
76 9
77 6
78 7
79 7
80 9
81 12
82 6
83 13
84 8
85 5
86 4
87 6
88 11
89 6
90 3
91 6
92 7
93 4
94 1
95 2
96 4
97 4
98 3
99 1
100 6
101 5
102 3
103 3
104 2
105 4
106 4
107 4
108 2
109 8
110 5
111 4
112 1
114 5
115 4
116 5
117 4
118 2
119 1
120 5
121 4
122 4
123 1
124 1
125 2
126 2
127 7
128 1
129 3
130 2
131 4
132 1
133 1
134 1
135 1
136 2
137 1
138 1
139 1
140 2
141 1
142 2
144 1
145 1
146 2
147 1
148 1
152 2
153 2
154 3
155 1
156 4
157 4
158 3
159 1
160 1
161 3
162 1
163 1
164 2
167 1
169 1
172 1
174 2
176 2
177 1
178 2
179 2
180 1
182 2
183 1
184 1
187 1
188 1
189 1
193 1
194 1
195 1
197 1
199 2
201 2
205 1
206 1
207 1
208 1
210 2
211 1
212 1
215 2
216 1
218 1
220 2
227 2
231 1
232 1
235 3
239 2
242 1
244 1
246 1
247 3
248 1
254 1
255 1
258 1
260 1
265 1
269 1
270 1
278 1
279 1
280 1
283 2
284 2
298 1
299 1
308 1
319 1
320 1
325 1
330 1
353 1
355 2
362 1
387 1
397 1
404 1
408 1
433 1
444 1
457 1
498 1
509 1
540 1
545 1
583 1
586 1
667 1
680 1
747 1
784 1
1037 1
1130 1
1172 1
view2 title score:
-20 1
-14 1
-10 1
-9 3
-8 3
-7 3
-6 5
-5 15
-4 28
-3 64
-2 189
-1 764
0 11758
1 5293
2 2247
3 1119
4 613
5 385
6 257
7 156
8 112
9 101
10 81
11 61
12 52
13 38
14 33
15 30
16 22
17 16
18 28
19 20
20 11
21 15
22 12
23 6
24 8
25 9
26 11
27 5
28 9
29 9
30 4
31 6
32 5
33 5
34 4
35 1
36 3
37 4
38 1
40 5
41 2
42 2
43 6
44 4
45 1
46 6
47 3
48 2
49 2
51 2
52 3
53 3
54 3
55 1
56 4
57 2
58 2
59 1
60 2
62 1
63 2
65 1
67 1
68 1
70 2
75 1
77 1
81 1
83 2
84 1
85 1
87 1
88 3
89 1
90 3
96 1
97 2
103 1
105 1
109 1
110 2
127 1
131 2
147 1
152 1
154 1
156 1
157 2
158 1
161 1
177 1
201 1
210 1
220 1
228 1
239 1
433 1
444 1
485 1
